v 0.000000 0.903527 -0.622387
v -0.000000 3.592641 -1.463196
v 0.253148 0.903527 -0.568579
v 0.595135 3.592641 -1.336696
v 0.462524 0.903527 -0.416458
v 1.087366 3.592641 -0.979069
v 0.591926 0.903527 -0.192328
v 1.391582 3.592641 -0.452152
v 0.618978 0.903527 0.065057
v 1.455181 3.592641 0.152946
v 0.539003 0.903527 0.311194
v 1.267165 3.592641 0.731598
v 0.365830 0.903527 0.503522
v 0.860045 3.592641 1.183750
v 0.129402 0.903527 0.608787
v 0.304216 3.592641 1.431222
v -0.129402 0.903527 0.608787
v -0.304216 3.592641 1.431222
v -0.365830 0.903527 0.503522
v -0.860045 3.592641 1.183750
v -0.539003 0.903527 0.311194
v -1.267165 3.592641 0.731598
v -0.618978 0.903527 0.065057
v -1.455181 3.592641 0.152946
v -0.591926 0.903527 -0.192328
v -1.391582 3.592641 -0.452152
v -0.462524 0.903527 -0.416458
v -1.087366 3.592641 -0.979069
v -0.253148 0.903527 -0.568579
v -0.595135 3.592641 -1.336696
v -0.939693 2.460810 -0.542532
v -1.048998 2.873495 -0.605639
v -1.158314 3.286217 -0.668753
v -0.415279 1.223067 -0.571582
v -0.489436 1.635586 -0.673651
v -0.563606 2.048171 -0.775736
v -0.637785 2.460810 -0.877835
v -0.711972 2.873495 -0.979945
v -0.786166 3.286217 -1.082065
v -0.146893 1.223067 -0.691075
v -0.173124 1.635586 -0.814482
v -0.199359 2.048171 -0.937909
v -0.225598 2.460811 -1.061353
v -0.251839 2.873495 -1.184810
v -0.278083 3.286217 -1.308278
v -0.000000 3.487194 -1.430226
v 0.000000 1.008975 -0.655358
v -0.000000 3.074157 -1.301081
v -0.000000 2.661121 -1.171936
v -0.000000 2.248084 -1.042792
v -0.000000 1.835048 -0.913647
v -0.000000 1.422011 -0.784502
v 0.266558 1.008975 -0.598699
v 0.581725 3.487194 -1.306576
v 0.319086 1.422011 -0.716679
v 0.371614 1.835048 -0.834658
v 0.424142 2.248084 -0.952638
v 0.476669 2.661121 -1.070617
v 0.529197 3.074157 -1.188597
v 0.487026 1.008975 -0.438520
v 1.062865 3.487194 -0.957008
v 0.582999 1.422011 -0.524935
v 0.678972 1.835048 -0.611349
v 0.774945 2.248084 -0.697764
v 0.870918 2.661121 -0.784178
v 0.966892 3.074157 -0.870593
v 0.623282 1.008975 -0.202517
v 1.360225 3.487194 -0.441964
v 0.746106 1.422011 -0.242425
v 0.868930 1.835048 -0.282332
v 0.991754 2.248084 -0.322240
v 1.114578 2.661121 -0.362148
v 1.237402 3.074157 -0.402056
v 0.651768 1.008975 0.068504
v 1.422391 3.487194 0.149499
v 0.780205 1.422011 0.082003
v 0.908642 1.835048 0.095502
v 1.037079 2.248084 0.109001
v 1.165516 2.661121 0.122501
v 1.293954 3.074157 0.136000
v 0.567556 1.008975 0.327679
v 1.238612 3.487194 0.715113
v 0.679399 1.422011 0.392251
v 0.791242 1.835048 0.456823
v 0.903084 2.248084 0.521396
v 1.014927 2.661121 0.585968
v 1.126769 3.074157 0.650540
v 0.385210 1.008975 0.530195
v 0.840665 3.487194 1.157077
v 0.461119 1.422011 0.634676
v 0.537028 1.835048 0.739156
v 0.612938 2.248084 0.843636
v 0.688847 2.661121 0.948116
v 0.764756 3.074157 1.052597
v 0.136257 1.008975 0.641037
v 0.297361 3.487194 1.398972
v 0.163107 1.422011 0.767359
v 0.189958 1.835048 0.893682
v 0.216809 2.248084 1.020004
v 0.243659 2.661121 1.146327
v 0.270510 3.074157 1.272649
v -0.136257 1.008975 0.641037
v -0.297361 3.487194 1.398972
v -0.163107 1.422011 0.767359
v -0.189958 1.835048 0.893682
v -0.216809 2.248084 1.020004
v -0.243659 2.661121 1.146327
v -0.270510 3.074157 1.272649
v -0.385210 1.008975 0.530195
v -0.840665 3.487194 1.157077
v -0.461119 1.422011 0.634676
v -0.537028 1.835048 0.739156
v -0.612938 2.248084 0.843636
v -0.688847 2.661121 0.948116
v -0.764756 3.074157 1.052597
v -0.567556 1.008975 0.327679
v -1.238612 3.487194 0.715113
v -0.679399 1.422011 0.392251
v -0.791242 1.835048 0.456823
v -0.903084 2.248084 0.521396
v -1.014927 2.661121 0.585968
v -1.126769 3.074157 0.650540
v -0.651768 1.008975 0.068504
v -1.422391 3.487194 0.149499
v -0.780205 1.422011 0.082003
v -0.908642 1.835048 0.095502
v -1.037079 2.248084 0.109001
v -1.165516 2.661121 0.122501
v -1.293954 3.074157 0.136000
v -0.623282 1.008975 -0.202517
v -1.360225 3.487194 -0.441964
v -0.746106 1.422011 -0.242425
v -0.868930 1.835048 -0.282332
v -0.991754 2.248084 -0.322240
v -1.114578 2.661121 -0.362148
v -1.237402 3.074157 -0.402056
v -0.487026 1.008975 -0.438520
v -1.062865 3.487194 -0.957008
v -0.582999 1.422011 -0.524935
v -0.678972 1.835048 -0.611349
v -0.774945 2.248084 -0.697764
v -0.870918 2.661121 -0.784178
v -0.966892 3.074157 -0.870593
v -0.266558 1.008975 -0.598699
v -0.581725 3.487194 -1.306576
v -0.319086 1.422011 -0.716679
v -0.371614 1.835048 -0.834658
v -0.424142 2.248084 -0.952638
v -0.476669 2.661121 -1.070617
v -0.529197 3.074157 -1.188597
v -0.830400 2.048171 -0.479431
v -0.721121 1.635586 -0.416339
v -0.611859 1.223067 -0.353257
v -1.330179 3.286217 -0.139807
v -1.204643 2.873495 -0.126613
v -1.079120 2.460810 -0.113420
v -0.953610 2.048171 -0.100228
v -0.828117 1.635586 -0.087039
v -0.702644 1.223067 -0.073851
v -1.272043 3.286217 0.413312
v -1.151995 2.873495 0.374306
v -1.031957 2.460810 0.335303
v -0.911933 2.048171 0.296305
v -0.791924 1.635586 0.257312
v -0.671935 1.223067 0.218325
v -0.993960 3.286217 0.894966
v -0.900156 2.873495 0.810504
v -0.806360 2.460810 0.726050
v -0.712574 2.048171 0.641605
v -0.618801 1.635586 0.557171
v -0.525042 1.223067 0.472750
v -0.544012 3.286217 1.221872
v -0.492672 2.873495 1.106558
v -0.441335 2.460810 0.991255
v -0.390005 2.048171 0.875965
v -0.338681 1.635586 0.760690
v -0.287365 1.223067 0.645433
v -0.000000 3.286217 1.337505
v -0.000000 2.873495 1.211279
v -0.000000 2.460810 1.085064
v -0.000000 2.048171 0.958863
v -0.000000 1.635586 0.832678
v -0.000000 1.223067 0.706514
v 0.544012 3.286217 1.221872
v 0.492672 2.873495 1.106558
v 0.441335 2.460810 0.991255
v 0.390005 2.048171 0.875965
v 0.338681 1.635586 0.760690
v 0.287365 1.223067 0.645433
v 0.993960 3.286217 0.894966
v 0.900156 2.873495 0.810504
v 0.806360 2.460810 0.726050
v 0.712574 2.048171 0.641605
v 0.618801 1.635586 0.557171
v 0.525042 1.223067 0.472750
v 1.272043 3.286217 0.413312
v 1.151995 2.873495 0.374306
v 1.031957 2.460810 0.335303
v 0.911933 2.048171 0.296305
v 0.791924 1.635586 0.257312
v 0.671935 1.223067 0.218325
v 1.330178 3.286217 -0.139807
v 1.204643 2.873495 -0.126613
v 1.079120 2.460810 -0.113420
v 0.953610 2.048171 -0.100228
v 0.828117 1.635586 -0.087039
v 0.702644 1.223067 -0.073851
v 1.158314 3.286217 -0.668753
v 1.048998 2.873495 -0.605640
v 0.939693 2.460810 -0.542532
v 0.830400 2.048171 -0.479431
v 0.721121 1.635586 -0.416339
v 0.611859 1.223067 -0.353257
v 0.786166 3.286217 -1.082065
v 0.711972 2.873495 -0.979945
v 0.637785 2.460810 -0.877835
v 0.563606 2.048171 -0.775737
v 0.489436 1.635586 -0.673651
v 0.415279 1.223067 -0.571582
v 0.278083 3.286217 -1.308278
v 0.251839 2.873495 -1.184809
v 0.225598 2.460810 -1.061353
v 0.199359 2.048171 -0.937909
v 0.173124 1.635586 -0.814482
v 0.146893 1.223067 -0.691075
v -0.995240 3.196160 -0.896118
v -1.047062 3.290462 -0.794294
v -1.033323 3.360056 -0.930408
v -0.899391 3.290462 -0.958300
v 0.544713 3.196160 -1.223445
v 0.431859 3.290462 -1.241265
v 0.565557 3.360056 -1.270261
v 0.633470 3.290462 -1.151502
v 0.995240 3.196160 -0.896118
v 0.899391 3.290462 -0.958300
v 1.033323 3.360056 -0.930408
v 1.047062 3.290462 -0.794294
v 1.273681 3.196160 -0.413844
v 1.211410 3.290462 -0.509635
v 1.322419 3.360056 -0.429680
v 1.279607 3.290462 -0.299745
v 1.331891 3.196160 0.139987
v 1.313965 3.290462 0.027150
v 1.382856 3.360056 0.145344
v 1.290897 3.290462 0.246632
v 1.159805 3.196160 0.669614
v 1.189324 3.290462 0.559240
v 1.204185 3.360056 0.695237
v 1.078978 3.290462 0.750365
v 0.787178 3.196160 1.083458
v 0.859038 3.290462 0.994633
v 0.817300 3.360056 1.124917
v 0.680495 3.290462 1.124352
v 0.278441 3.196160 1.309962
v 0.380217 3.290462 1.258045
v 0.289096 3.360056 1.360088
v 0.164348 3.290462 1.303929
v -0.278441 3.196160 1.309962
v -0.164348 3.290462 1.303929
v -0.289096 3.360056 1.360088
v -0.380217 3.290462 1.258045
v -0.787178 3.196160 1.083458
v -0.680495 3.290462 1.124352
v -0.817300 3.360056 1.124917
v -0.859038 3.290462 0.994633
v -1.159805 3.196160 0.669614
v -1.078978 3.290462 0.750365
v -1.204185 3.360056 0.695237
v -1.189324 3.290462 0.559240
v -1.331891 3.196160 0.139987
v -1.290897 3.290462 0.246632
v -1.382856 3.360056 0.145344
v -1.313965 3.290462 0.027150
v -1.273681 3.196160 -0.413844
v -1.279607 3.290462 -0.299745
v -1.322419 3.360056 -0.429680
v -1.211410 3.290462 -0.509635
v 0.000000 3.360056 -1.390473
v 0.110346 3.290462 -1.309605
v 0.000000 3.196160 -1.339228
v -0.110346 3.290462 -1.309605
v -0.721567 1.577738 0.416597
v -0.685016 1.636604 0.443120
v -0.748212 1.676140 0.431980
v -0.726261 1.636604 0.371681
v -0.833677 3.076283 -0.968183
v -0.763277 3.158890 -1.050560
v -0.663176 3.076283 -1.092059
v -0.734375 2.998117 -1.010780
v -1.155397 3.076283 -0.545392
v -1.124589 3.158890 -0.649282
v -1.050022 3.076283 -0.727907
v -1.082006 2.998117 -0.624697
v -1.277339 3.076283 -0.028298
v -1.291450 3.158890 -0.135737
v -1.255310 3.076283 -0.237894
v -1.242549 2.998117 -0.130597
v -1.178417 3.076283 0.493689
v -1.235008 3.158890 0.401278
v -1.243542 3.076283 0.293253
v -1.188244 2.998117 0.386084
v -0.875736 3.076283 0.930313
v -0.965021 3.158890 0.868909
v -1.016756 3.076283 0.773695
v -0.928480 2.998117 0.836007
v -0.421633 3.076283 1.206077
v -0.528173 3.158890 1.186297
v -0.614162 3.076283 1.120357
v -0.508174 2.998117 1.141378
v 0.105375 3.076283 1.273299
v -0.000000 3.158890 1.298564
v -0.105375 3.076283 1.273299
v -0.000000 2.998117 1.249393
v 0.614162 3.076283 1.120357
v 0.528173 3.158890 1.186297
v 0.421633 3.076283 1.206077
v 0.508174 2.998117 1.141377
v 1.016756 3.076283 0.773695
v 0.965021 3.158890 0.868909
v 0.875736 3.076283 0.930313
v 0.928480 2.998117 0.836007
v 1.243542 3.076283 0.293253
v 1.235008 3.158890 0.401278
v 1.178417 3.076283 0.493689
v 1.188244 2.998117 0.386084
v 1.255310 3.076283 -0.237894
v 1.291450 3.158890 -0.135737
v 1.277339 3.076283 -0.028298
v 1.242549 2.998117 -0.130597
v 1.050022 3.076283 -0.727907
v 1.124589 3.158890 -0.649282
v 1.155397 3.076283 -0.545392
v 1.082006 2.998117 -0.624697
v 0.663176 3.076283 -1.092059
v 0.763277 3.158890 -1.050560
v 0.833677 3.076283 -0.968183
v 0.734375 2.998117 -1.010780
v 0.161661 3.076283 -1.267383
v 0.269987 3.158890 -1.270187
v 0.367806 3.076283 -1.223566
v 0.259763 2.998117 -1.222091
v -0.492834 2.788225 -1.106923
v -0.568019 2.876887 -1.045198
v -0.512397 2.942050 -1.150862
v -0.396654 2.876887 -1.121495
v -0.441164 2.381931 -0.990869
v -0.502190 2.463370 -0.939082
v -0.459049 2.522567 -1.031041
v -0.361843 2.463370 -1.001569
v -0.389797 1.978027 -0.875499
v -0.435909 2.049934 -0.833194
v -0.405430 2.100954 -0.910611
v -0.327503 2.049934 -0.881459
v -0.338890 1.577738 -0.761160
v -0.369089 1.636604 -0.727582
v -0.351405 1.676140 -0.789268
v -0.293730 1.636604 -0.761133
v -0.288713 1.183187 -0.648461
v -0.301625 1.223419 -0.622304
v -0.296736 1.246268 -0.666479
v -0.260636 1.223419 -0.640554
v -0.900452 2.788225 -0.810771
v -0.944032 2.876887 -0.723801
v -0.936195 2.942050 -0.842954
v -0.818515 2.876887 -0.863202
v -0.806046 2.381931 -0.725767
v -0.840733 2.463370 -0.653635
v -0.838724 2.522567 -0.755191
v -0.737935 2.463370 -0.767804
v -0.712195 1.978027 -0.641263
v -0.737113 2.049934 -0.583860
v -0.740758 2.100954 -0.666981
v -0.657711 2.049934 -0.672045
v -0.619184 1.577738 -0.557515
v -0.633113 1.636604 -0.514557
v -0.642048 1.676140 -0.578103
v -0.577917 1.636604 -0.575859
v -0.527506 1.183187 -0.474968
v -0.528662 1.223419 -0.445822
v -0.542163 1.246268 -0.488166
v -0.498640 1.223419 -0.479165
v -1.152374 2.788225 -0.374429
v -1.156813 2.876887 -0.277253
v -1.198117 2.942050 -0.389292
v -1.098846 2.876887 -0.455655
v -1.031556 2.381931 -0.335173
v -1.033905 2.463370 -0.255168
v -1.073376 2.522567 -0.348761
v -0.986431 2.463370 -0.401279
v -0.911447 1.978027 -0.296147
v -0.910864 2.049934 -0.233572
v -0.948002 2.100954 -0.308024
v -0.874194 2.049934 -0.346429
v -0.792414 1.577738 -0.257471
v -0.787667 1.636604 -0.212561
v -0.821676 1.676140 -0.266979
v -0.762176 1.636604 -0.291014
v -0.675088 1.183187 -0.219349
v -0.664289 1.223419 -0.192252
v -0.693846 1.246268 -0.225444
v -0.650424 1.223419 -0.234924
v -1.205040 2.788225 0.126655
v -1.169570 2.876887 0.217235
v -1.252874 2.942050 0.131682
v -1.189178 2.876887 0.030680
v -1.078700 2.381931 0.113376
v -1.048305 2.463370 0.187419
v -1.122432 2.522567 0.117972
v -1.064364 2.463370 0.034631
v -0.953103 1.978027 0.100175
v -0.927118 2.049934 0.157103
v -0.991328 2.100954 0.104193
v -0.939522 2.049934 0.039088
v -0.828629 1.577738 0.087092
v -0.806026 1.636604 0.126189
v -0.859228 1.676140 0.090309
v -0.814649 1.636604 0.044151
v -0.705941 1.183187 0.074197
v -0.685054 1.223419 0.094560
v -0.725556 1.246268 0.076259
v -0.689744 1.223419 0.049937
v -1.049344 2.788225 0.605839
v -0.980098 2.876887 0.674161
v -1.090997 2.942050 0.629887
v -1.073889 2.876887 0.511709
v -0.939327 2.381931 0.542321
v -0.881444 2.463370 0.597600
v -0.977409 2.522567 0.564307
v -0.958259 2.463370 0.464553
v -0.829958 1.978027 0.479176
v -0.783064 2.049934 0.520614
v -0.863244 2.100954 0.498394
v -0.842397 2.049934 0.417847
v -0.719912 1.424119 0.269652
v -0.743360 1.468625 0.241532
v -0.740918 1.424119 0.205001
v -0.718356 1.382662 0.233408
v -0.614730 1.183187 0.354914
v -0.587367 1.223419 0.365021
v -0.631811 1.246268 0.364776
v -0.609801 1.223419 0.326164
v -0.712206 2.788225 0.980268
v -0.621158 2.876887 1.014518
v -0.740477 2.942050 1.019179
v -0.772916 2.876887 0.904260
v -0.637536 2.381931 0.877494
v -0.562174 2.463370 0.904451
v -0.663383 2.522567 0.913068
v -0.686462 2.463370 0.814149
v -0.563305 1.978027 0.775323
v -0.503612 2.049934 0.794105
v -0.585897 2.100954 0.806419
v -0.599614 2.049934 0.724356
v -0.489739 1.577738 0.674068
v -0.445560 1.636604 0.683431
v -0.507824 1.676140 0.698959
v -0.512296 1.636604 0.634945
v -0.417227 1.183187 0.574264
v -0.388119 1.223420 0.572367
v -0.428820 1.246268 0.590220
v -0.424418 1.223419 0.545994
v -0.251922 2.788225 1.185200
v -0.154815 2.876887 1.179456
v -0.261922 2.942050 1.232246
v -0.338298 2.876887 1.140456
v -0.225510 2.381931 1.060940
v -0.145698 2.463370 1.054913
v -0.234652 2.522567 1.103952
v -0.295970 2.463370 1.022972
v -0.199253 1.978027 0.937410
v -0.137081 2.049934 0.930289
v -0.207244 2.100954 0.975006
v -0.253153 2.049934 0.905617
v -0.173231 1.577738 0.814986
v -0.129063 1.636604 0.805571
v -0.179628 1.676140 0.845081
v -0.209750 1.636604 0.788420
v -0.147582 1.183187 0.694318
v -0.121762 1.223419 0.680746
v -0.151683 1.246268 0.713610
v -0.165649 1.223420 0.671417
v 0.251922 2.788225 1.185200
v 0.338298 2.876887 1.140456
v 0.261922 2.942050 1.232246
v 0.154815 2.876887 1.179456
v 0.225510 2.381931 1.060940
v 0.295970 2.463370 1.022972
v 0.234652 2.522567 1.103952
v 0.145698 2.463370 1.054913
v 0.199253 1.978027 0.937410
v 0.253153 2.049934 0.905617
v 0.207244 2.100954 0.975006
v 0.137081 2.049934 0.930289
v 0.173231 1.577738 0.814986
v 0.209750 1.636604 0.788420
v 0.179628 1.676140 0.845081
v 0.129063 1.636604 0.805571
v 0.147582 1.183187 0.694318
v 0.165649 1.223420 0.671417
v 0.151683 1.246268 0.713610
v 0.121762 1.223419 0.680746
v 0.712206 2.788225 0.980268
v 0.772916 2.876887 0.904260
v 0.740477 2.942050 1.019179
v 0.621158 2.876887 1.014518
v 0.637536 2.381931 0.877494
v 0.686462 2.463370 0.814149
v 0.663383 2.522567 0.913068
v 0.562174 2.463370 0.904450
v 0.563305 1.978027 0.775323
v 0.599614 2.049934 0.724356
v 0.585897 2.100954 0.806419
v 0.503612 2.049934 0.794105
v 0.489739 1.577738 0.674068
v 0.512296 1.636604 0.634945
v 0.507824 1.676140 0.698959
v 0.445560 1.636604 0.683431
v 0.417227 1.183187 0.574264
v 0.424418 1.223419 0.545994
v 0.428820 1.246268 0.590220
v 0.388119 1.223420 0.572367
v 1.049344 2.788225 0.605839
v 1.073889 2.876887 0.511709
v 1.090997 2.942050 0.629887
v 0.980098 2.876887 0.674161
v 0.939327 2.381931 0.542321
v 0.958259 2.463370 0.464553
v 0.977409 2.522567 0.564307
v 0.881444 2.463370 0.597600
v 0.829958 1.978027 0.479176
v 0.842397 2.049934 0.417847
v 0.863244 2.100954 0.498394
v 0.783064 2.049934 0.520614
v 0.721567 1.577738 0.416597
v 0.726261 1.636604 0.371681
v 0.748212 1.676140 0.431980
v 0.685016 1.636604 0.443120
v 0.614730 1.183187 0.354914
v 0.609801 1.223419 0.326164
v 0.631811 1.246268 0.364776
v 0.587367 1.223419 0.365021
v 1.205040 2.788225 0.126655
v 1.189178 2.876887 0.030680
v 1.252874 2.942050 0.131682
v 1.169570 2.876887 0.217235
v 1.078700 2.381931 0.113376
v 1.064364 2.463370 0.034631
v 1.122432 2.522567 0.117972
v 1.048305 2.463370 0.187419
v 0.953103 1.978027 0.100175
v 0.939522 2.049934 0.039088
v 0.991328 2.100954 0.104193
v 0.927118 2.049934 0.157103
v 0.828629 1.577738 0.087092
v 0.814649 1.636604 0.044151
v 0.859228 1.676140 0.090309
v 0.806026 1.636604 0.126189
v 0.705941 1.183187 0.074197
v 0.689744 1.223419 0.049937
v 0.725556 1.246268 0.076259
v 0.685054 1.223419 0.094560
v 1.152374 2.788225 -0.374429
v 1.098846 2.876887 -0.455655
v 1.198117 2.942050 -0.389292
v 1.156813 2.876887 -0.277253
v 1.031556 2.381931 -0.335173
v 0.986431 2.463370 -0.401279
v 1.073376 2.522567 -0.348761
v 1.033905 2.463370 -0.255168
v 0.911447 1.978027 -0.296147
v 0.874194 2.049934 -0.346429
v 0.948002 2.100954 -0.308024
v 0.910864 2.049934 -0.233572
v 0.792414 1.577738 -0.257471
v 0.762176 1.636604 -0.291014
v 0.821676 1.676140 -0.266979
v 0.787667 1.636604 -0.212561
v 0.675088 1.183187 -0.219349
v 0.650424 1.223419 -0.234924
v 0.693846 1.246268 -0.225444
v 0.664289 1.223419 -0.192252
v 0.900452 2.788225 -0.810771
v 0.818515 2.876887 -0.863202
v 0.936195 2.942050 -0.842954
v 0.944032 2.876887 -0.723802
v 0.806046 2.381931 -0.725767
v 0.737935 2.463370 -0.767804
v 0.838724 2.522567 -0.755191
v 0.840733 2.463370 -0.653635
v 0.712195 1.978027 -0.641263
v 0.657711 2.049934 -0.672045
v 0.740758 2.100954 -0.666981
v 0.737113 2.049934 -0.583860
v 0.619184 1.577738 -0.557515
v 0.577917 1.636604 -0.575859
v 0.642048 1.676140 -0.578103
v 0.633113 1.636604 -0.514557
v 0.527506 1.183187 -0.474968
v 0.498640 1.223419 -0.479165
v 0.542163 1.246268 -0.488166
v 0.528662 1.223419 -0.445822
v 0.492834 2.788225 -1.106923
v 0.396654 2.876887 -1.121494
v 0.512397 2.942050 -1.150862
v 0.568019 2.876887 -1.045198
v 0.441164 2.381931 -0.990869
v 0.361843 2.463370 -1.001569
v 0.459049 2.522567 -1.031041
v 0.502190 2.463370 -0.939082
v 0.389797 1.978027 -0.875499
v 0.327503 2.049934 -0.881459
v 0.405430 2.100954 -0.910611
v 0.435909 2.049934 -0.833194
v 0.338890 1.577738 -0.761160
v 0.293730 1.636604 -0.761133
v 0.351405 1.676140 -0.789268
v 0.369089 1.636604 -0.727582
v 0.288714 1.183187 -0.648461
v 0.260636 1.223419 -0.640554
v 0.296736 1.246268 -0.666479
v 0.301625 1.223419 -0.622304
v 0.152077 2.663276 -1.140285
v 0.243367 2.740261 -1.144952
v 0.324867 2.663276 -1.103558
v 0.233855 2.590665 -1.100199
v 0.142945 2.250252 -1.013085
v 0.216627 2.319730 -1.019148
v 0.281472 2.250252 -0.983641
v 0.208057 2.184960 -0.978831
v 0.134360 1.837204 -0.885762
v 0.189706 1.896371 -0.892498
v 0.237528 1.837204 -0.863833
v 0.182423 1.781828 -0.858232
v 0.126431 1.424119 -0.758288
v 0.162507 1.468625 -0.764535
v 0.192923 1.424119 -0.744154
v 0.157041 1.382662 -0.738819
v -0.367806 3.076283 -1.223566
v -0.269987 3.158890 -1.270187
v -0.161661 3.076283 -1.267383
v -0.259763 2.998117 -1.222091
v -0.324867 2.663276 -1.103558
v -0.243367 2.740261 -1.144952
v -0.152077 2.663276 -1.140285
v -0.233855 2.590665 -1.100199
v -0.000000 2.942050 -1.259775
v 0.093791 2.876887 -1.185870
v 0.000000 2.788225 -1.211678
v -0.093791 2.876887 -1.185870
v -0.281472 2.250252 -0.983641
v -0.216627 2.319730 -1.019148
v -0.142945 2.250252 -1.013085
v -0.208057 2.184960 -0.978831
v -0.000000 2.522567 -1.128615
v 0.076815 2.463370 -1.062153
v 0.000000 2.381931 -1.084642
v -0.076815 2.463370 -1.062153
v -0.237528 1.837204 -0.863833
v -0.189706 1.896371 -0.892498
v -0.134360 1.837204 -0.885762
v -0.182423 1.781828 -0.858232
v -0.000000 2.100954 -0.996788
v 0.059333 2.049934 -0.938461
v -0.000000 1.978027 -0.958352
v -0.059333 2.049934 -0.938461
v -0.192923 1.424119 -0.744154
v -0.162507 1.468625 -0.764535
v -0.126431 1.424119 -0.758288
v -0.157041 1.382662 -0.738819
v -0.000000 1.676140 -0.863961
v 0.041245 1.636604 -0.814801
v 0.000000 1.577738 -0.833194
v -0.041245 1.636604 -0.814801
v -0.000000 1.246268 -0.729553
v 0.022434 1.223419 -0.691185
v -0.000000 1.183187 -0.709829
v -0.022434 1.223419 -0.691185
v -0.745638 2.663276 -0.876015
v -0.688021 2.740261 -0.946979
v -0.602725 2.663276 -0.979847
v -0.661128 2.590665 -0.909965
v -0.657220 2.250252 -0.784116
v -0.612423 2.319730 -0.842928
v -0.542646 2.250252 -0.867359
v -0.588196 2.184960 -0.809582
v -0.568345 1.837204 -0.692539
v -0.536317 1.896371 -0.738177
v -0.483016 1.837204 -0.754535
v -0.515726 1.781828 -0.709836
v -0.478919 1.424119 -0.601350
v -0.459422 1.468625 -0.632340
v -0.423923 1.424119 -0.641306
v -0.443969 1.382662 -0.611070
v -1.037482 2.663276 -0.497001
v -1.013709 2.740261 -0.585265
v -0.949156 2.663276 -0.649985
v -0.974087 2.590665 -0.562389
v -0.919329 2.250252 -0.449010
v -0.902326 2.319730 -0.520958
v -0.848518 2.250252 -0.571657
v -0.866630 2.184960 -0.500349
v -0.800890 1.837204 -0.401499
v -0.790193 1.896371 -0.456218
v -0.748154 1.837204 -0.492842
v -0.759855 1.781828 -0.438703
v -0.682105 1.424119 -0.354566
v -0.676899 1.468625 -0.390808
v -0.648116 1.424119 -0.413437
v -0.654130 1.382662 -0.377662
v -1.149935 2.663276 -0.032051
v -1.164119 2.740261 -0.122354
v -1.131470 2.663276 -0.207734
v -1.118617 2.590665 -0.117571
v -1.022478 2.250252 -0.036266
v -1.036208 2.319730 -0.108910
v -1.007674 2.250252 -0.177111
v -0.995216 2.184960 -0.104601
v -0.894954 1.837204 -0.041036
v -0.907438 1.896371 -0.095376
v -0.883929 1.837204 -0.145932
v -0.872599 1.781828 -0.091714
v -0.767349 1.424119 -0.046475
v -0.777334 1.468625 -0.081701
v -0.760244 1.424119 -0.114081
v -0.751187 1.382662 -0.078953
v -1.063555 2.663276 0.438440
v -1.113241 2.740261 0.361714
v -1.118142 2.663276 0.270436
v -1.069728 2.590665 0.347576
v -0.948831 2.250252 0.382748
v -0.990921 2.319730 0.321970
v -0.992594 2.250252 0.248059
v -0.951721 2.184960 0.309233
v -0.834272 1.837204 0.326522
v -0.867779 1.896371 0.281958
v -0.866865 1.837204 0.226211
v -0.834462 1.781828 0.271133
v -0.793276 2.663276 0.833122
v -0.869874 2.740261 0.783238
v -0.911478 2.663276 0.701845
v -0.835873 2.590665 0.752624
v -0.711122 2.250252 0.735582
v -0.774295 2.319730 0.697178
v -0.805885 2.250252 0.630337
v -0.743664 2.184960 0.669598
v -0.629337 1.837204 0.637622
v -0.678073 1.896371 0.610539
v -0.699912 1.837204 0.559240
v -0.652039 1.781828 0.587099
v -0.547995 1.424119 0.539154
v -0.580853 1.468625 0.523003
v -0.593481 1.424119 0.488636
v -0.561316 1.382662 0.505411
v -0.385832 2.663276 1.083749
v -0.476098 2.740261 1.069333
v -0.547210 2.663276 1.011899
v -0.457489 2.590665 1.027536
v -0.350454 2.250252 0.961227
v -0.423785 2.319730 0.951838
v -0.479831 2.250252 0.903625
v -0.407021 2.184960 0.914183
v -0.315584 1.837204 0.838471
v -0.371121 1.896371 0.833552
v -0.411938 1.837204 0.795571
v -0.356873 1.781828 0.801549
v -0.281325 1.424119 0.715431
v -0.317912 1.468625 0.714041
v -0.343426 1.424119 0.687782
v -0.307218 1.382662 0.690023
v 0.088325 2.663276 1.146986
v -0.000000 2.740261 1.170531
v -0.088325 2.663276 1.146986
v -0.000000 2.590665 1.124779
v 0.070811 2.250252 1.020667
v 0.000000 2.319730 1.041916
v -0.070811 2.250252 1.020667
v -0.000000 2.184960 1.000698
v 0.052737 1.837204 0.894341
v -0.000000 1.896371 0.912437
v -0.052737 1.837204 0.894341
v -0.000000 1.781828 0.877405
v 0.033989 1.424119 0.768004
v -0.000000 1.468625 0.781615
v -0.033989 1.424119 0.768004
v -0.000000 1.382662 0.755325
v 0.547210 2.663276 1.011899
v 0.476098 2.740261 1.069333
v 0.385832 2.663276 1.083749
v 0.457489 2.590665 1.027536
v 0.479831 2.250252 0.903625
v 0.423785 2.319730 0.951838
v 0.350454 2.250252 0.961227
v 0.407021 2.184960 0.914183
v 0.411938 1.837204 0.795571
v 0.371121 1.896371 0.833552
v 0.315584 1.837204 0.838471
v 0.356873 1.781828 0.801549
v 0.343426 1.424119 0.687782
v 0.317912 1.468625 0.714041
v 0.281325 1.424119 0.715431
v 0.307218 1.382662 0.690023
v 0.911478 2.663276 0.701845
v 0.869874 2.740261 0.783238
v 0.793276 2.663276 0.833122
v 0.835873 2.590665 0.752624
v 0.805885 2.250252 0.630337
v 0.774295 2.319730 0.697178
v 0.711122 2.250252 0.735582
v 0.743664 2.184960 0.669598
v 0.699912 1.837204 0.559240
v 0.678073 1.896371 0.610539
v 0.629337 1.837204 0.637622
v 0.652039 1.781828 0.587099
v 0.593481 1.424119 0.488636
v 0.580853 1.468625 0.523003
v 0.547995 1.424119 0.539154
v 0.561316 1.382662 0.505411
v 1.118142 2.663276 0.270436
v 1.113241 2.740261 0.361714
v 1.063555 2.663276 0.438440
v 1.069728 2.590665 0.347576
v 0.992594 2.250252 0.248059
v 0.990921 2.319730 0.321970
v 0.948831 2.250252 0.382748
v 0.951721 2.184960 0.309233
v 0.866865 1.837204 0.226211
v 0.867779 1.896371 0.281958
v 0.834272 1.837204 0.326522
v 0.834462 1.781828 0.271133
v 0.740918 1.424119 0.205001
v 0.743360 1.468625 0.241532
v 0.719912 1.424119 0.269652
v 0.718356 1.382662 0.233408
v 1.131470 2.663276 -0.207734
v 1.164119 2.740261 -0.122354
v 1.149935 2.663276 -0.032051
v 1.118617 2.590665 -0.117571
v 1.007674 2.250252 -0.177111
v 1.036208 2.319730 -0.108910
v 1.022478 2.250252 -0.036266
v 0.995216 2.184960 -0.104601
v 0.883929 1.837204 -0.145932
v 0.907438 1.896371 -0.095376
v 0.894954 1.837204 -0.041036
v 0.872599 1.781828 -0.091714
v 0.760244 1.424119 -0.114081
v 0.777334 1.468625 -0.081701
v 0.767349 1.424119 -0.046475
v 0.751187 1.382662 -0.078953
v 0.949156 2.663276 -0.649985
v 1.013709 2.740261 -0.585265
v 1.037482 2.663276 -0.497001
v 0.974087 2.590665 -0.562389
v 0.848518 2.250252 -0.571657
v 0.902326 2.319730 -0.520958
v 0.919329 2.250252 -0.449010
v 0.866630 2.184960 -0.500349
v 0.748154 1.837204 -0.492842
v 0.790193 1.896371 -0.456218
v 0.800890 1.837204 -0.401499
v 0.759855 1.781828 -0.438703
v 0.648116 1.424119 -0.413437
v 0.676899 1.468625 -0.390808
v 0.682105 1.424119 -0.354566
v 0.654130 1.382662 -0.377662
v 0.602725 2.663276 -0.979847
v 0.688021 2.740261 -0.946979
v 0.745638 2.663276 -0.876015
v 0.661128 2.590665 -0.909965
v 0.542646 2.250252 -0.867359
v 0.612423 2.319730 -0.842928
v 0.657220 2.250252 -0.784116
v 0.588196 2.184960 -0.809582
v 0.483016 1.837204 -0.754535
v 0.536317 1.896371 -0.738177
v 0.568345 1.837204 -0.692539
v 0.515726 1.781828 -0.709836
v 0.423923 1.424119 -0.641306
v 0.459422 1.468625 -0.632340
v 0.478919 1.424119 -0.601350
v 0.443969 1.382662 -0.611070
v -0.544713 3.196160 -1.223445
v -0.633470 3.290462 -1.151502
v -0.565557 3.360056 -1.270261
v -0.431859 3.290462 -1.241265
v 0.000000 0.903527 -0.622387
v 0.253148 0.903527 -0.568579
v 0.462524 0.903527 -0.416458
v 0.591926 0.903527 -0.192328
v 0.618978 0.903527 0.065057
v 0.539003 0.903527 0.311194
v 0.365830 0.903527 0.503522
v 0.129402 0.903527 0.608787
v -0.129402 0.903527 0.608787
v -0.365830 0.903527 0.503522
v -0.539003 0.903527 0.311194
v -0.618978 0.903527 0.065057
v -0.591926 0.903527 -0.192328
v -0.462524 0.903527 -0.416458
v -0.253148 0.903527 -0.568579
v 0.000000 0.918816 -0.586835
v 0.238687 0.918816 -0.536101
v 0.436104 0.918816 -0.392670
v 0.558114 0.918816 -0.181342
v 0.583621 0.918816 0.061341
v 0.508214 0.918816 0.293418
v 0.344933 0.918816 0.474760
v 0.122010 0.918816 0.574012
v -0.122010 0.918816 0.574012
v -0.344933 0.918816 0.474760
v -0.508214 0.918816 0.293418
v -0.583621 0.918816 0.061341
v -0.558114 0.918816 -0.181342
v -0.436104 0.918816 -0.392670
v -0.238687 0.918816 -0.536101
v 0.000000 0.918816 -0.011559
v 0.004702 0.918816 -0.010560
v 0.008590 0.918816 -0.007735
v 0.010994 0.918816 -0.003572
v 0.011496 0.918816 0.001208
v 0.010011 0.918816 0.005780
v 0.006795 0.918816 0.009352
v 0.002403 0.918816 0.011307
v -0.002403 0.918816 0.011307
v -0.006795 0.918816 0.009352
v -0.010011 0.918816 0.005780
v -0.011496 0.918816 0.001208
v -0.010994 0.918816 -0.003572
v -0.008590 0.918816 -0.007735
v -0.004702 0.918816 -0.010560
v 0.000000 0.918816 -0.000415
v 0.000169 0.918816 -0.000379
v 0.000309 0.918816 -0.000278
v 0.000395 0.918816 -0.000128
v 0.000413 0.918816 0.000043
v 0.000360 0.918816 0.000208
v 0.000244 0.918816 0.000336
v 0.000086 0.918816 0.000406
v -0.000086 0.918816 0.000406
v -0.000244 0.918816 0.000336
v -0.000360 0.918816 0.000208
v -0.000413 0.918816 0.000043
v -0.000395 0.918816 -0.000128
v -0.000309 0.918816 -0.000278
v -0.000169 0.918816 -0.000379
v -0.000000 3.592641 -1.463196
v 0.595135 3.592641 -1.336696
v 1.087366 3.592641 -0.979069
v 1.391582 3.592641 -0.452152
v 1.455181 3.592641 0.152946
v 1.267165 3.592641 0.731598
v 0.860045 3.592641 1.183750
v 0.304216 3.592641 1.431222
v -0.304216 3.592641 1.431222
v -0.860045 3.592641 1.183750
v -1.267165 3.592641 0.731598
v -1.455181 3.592641 0.152946
v -1.391582 3.592641 -0.452152
v -1.087366 3.592641 -0.979069
v -0.595135 3.592641 -1.336696
v 0.000169 0.918816 -0.000379
v 0.000000 0.918816 -0.000415
v 0.000309 0.918816 -0.000278
v 0.000395 0.918816 -0.000128
v 0.000413 0.918816 0.000043
v 0.000360 0.918816 0.000208
v 0.000244 0.918816 0.000336
v 0.000086 0.918816 0.000406
v -0.000086 0.918816 0.000406
v -0.000244 0.918816 0.000336
v -0.000360 0.918816 0.000208
v -0.000413 0.918816 0.000043
v -0.000395 0.918816 -0.000128
v -0.000309 0.918816 -0.000278
v -0.000169 0.918816 -0.000379
v -0.000000 3.592641 -1.463196
v 0.595135 3.592641 -1.336696
v 1.087366 3.592641 -0.979069
v 1.391582 3.592641 -0.452152
v 1.455181 3.592641 0.152946
v 1.267165 3.592641 0.731598
v 0.860045 3.592641 1.183750
v 0.304216 3.592641 1.431222
v -0.304216 3.592641 1.431222
v -0.860045 3.592641 1.183750
v -1.267165 3.592641 0.731598
v -1.455181 3.592641 0.152946
v -1.391582 3.592641 -0.452152
v -1.087366 3.592641 -0.979069
v -0.595135 3.592641 -1.336696
v 0.000169 0.918816 -0.000379
v 0.000000 0.918816 -0.000415
v 0.000309 0.918816 -0.000278
v 0.000395 0.918816 -0.000128
v 0.000413 0.918816 0.000043
v 0.000360 0.918816 0.000208
v 0.000244 0.918816 0.000336
v 0.000086 0.918816 0.000406
v -0.000086 0.918816 0.000406
v -0.000244 0.918816 0.000336
v -0.000360 0.918816 0.000208
v -0.000413 0.918816 0.000043
v -0.000395 0.918816 -0.000128
v -0.000309 0.918816 -0.000278
v -0.000169 0.918816 -0.000379
v -0.000000 3.592641 -1.463196
v 0.595135 3.592641 -1.336696
v 1.087366 3.592641 -0.979069
v 1.391582 3.592641 -0.452152
v 1.455181 3.592641 0.152946
v 1.267165 3.592641 0.731598
v 0.860045 3.592641 1.183750
v 0.304216 3.592641 1.431222
v -0.304216 3.592641 1.431222
v -0.860045 3.592641 1.183750
v -1.267165 3.592641 0.731598
v -1.455181 3.592641 0.152946
v -1.391582 3.592641 -0.452152
v -1.087366 3.592641 -0.979069
v -0.595135 3.592641 -1.336696
v 0.000169 0.918816 -0.000379
v 0.000000 0.918816 -0.000415
v 0.000309 0.918816 -0.000278
v 0.000395 0.918816 -0.000128
v 0.000413 0.918816 0.000043
v 0.000360 0.918816 0.000208
v 0.000244 0.918816 0.000336
v 0.000086 0.918816 0.000406
v -0.000086 0.918816 0.000406
v -0.000244 0.918816 0.000336
v -0.000360 0.918816 0.000208
v -0.000413 0.918816 0.000043
v -0.000395 0.918816 -0.000128
v -0.000309 0.918816 -0.000278
v -0.000169 0.918816 -0.000379
v -0.000000 3.592641 -1.463196
v 0.595135 3.592641 -1.336696
v 1.087366 3.592641 -0.979069
v 1.391582 3.592641 -0.452152
v 1.455181 3.592641 0.152946
v 1.267165 3.592641 0.731598
v 0.860045 3.592641 1.183750
v 0.304216 3.592641 1.431222
v -0.304216 3.592641 1.431222
v -0.860045 3.592641 1.183750
v -1.267165 3.592641 0.731598
v -1.455181 3.592641 0.152946
v -1.391582 3.592641 -0.452152
v -1.087366 3.592641 -0.979069
v -0.595135 3.592641 -1.336696
v 0.000169 0.918816 -0.000379
v 0.000000 0.918816 -0.000415
v 0.000309 0.918816 -0.000278
v 0.000395 0.918816 -0.000128
v 0.000413 0.918816 0.000043
v 0.000360 0.918816 0.000208
v 0.000244 0.918816 0.000336
v 0.000086 0.918816 0.000406
v -0.000086 0.918816 0.000406
v -0.000244 0.918816 0.000336
v -0.000360 0.918816 0.000208
v -0.000413 0.918816 0.000043
v -0.000395 0.918816 -0.000128
v -0.000309 0.918816 -0.000278
v -0.000169 0.918816 -0.000379
v -0.000000 3.592641 -1.463196
v 0.595135 3.592641 -1.336696
v 1.087366 3.592641 -0.979069
v 1.391582 3.592641 -0.452152
v 1.455181 3.592641 0.152946
v 1.267165 3.592641 0.731598
v 0.860045 3.592641 1.183750
v 0.304216 3.592641 1.431222
v -0.304216 3.592641 1.431222
v -0.860045 3.592641 1.183750
v -1.267165 3.592641 0.731598
v -1.455181 3.592641 0.152946
v -1.391582 3.592641 -0.452152
v -1.087366 3.592641 -0.979069
v -0.595135 3.592641 -1.336696
v 0.000169 0.918816 -0.000379
v 0.000000 0.918816 -0.000415
v 0.000309 0.918816 -0.000278
v 0.000395 0.918816 -0.000128
v 0.000413 0.918816 0.000043
v 0.000360 0.918816 0.000208
v 0.000244 0.918816 0.000336
v 0.000086 0.918816 0.000406
v -0.000086 0.918816 0.000406
v -0.000244 0.918816 0.000336
v -0.000360 0.918816 0.000208
v -0.000413 0.918816 0.000043
v -0.000395 0.918816 -0.000128
v -0.000309 0.918816 -0.000278
v -0.000169 0.918816 -0.000379
v -0.000000 3.592641 -1.463196
v 0.595135 3.592641 -1.336696
v 1.087366 3.592641 -0.979069
v 1.391582 3.592641 -0.452152
v 1.455181 3.592641 0.152946
v 1.267165 3.592641 0.731598
v 0.860045 3.592641 1.183750
v 0.304216 3.592641 1.431222
v -0.304216 3.592641 1.431222
v -0.860045 3.592641 1.183750
v -1.267165 3.592641 0.731598
v -1.455181 3.592641 0.152946
v -1.391582 3.592641 -0.452152
v -1.087366 3.592641 -0.979069
v -0.595135 3.592641 -1.336696
v 0.000169 0.918816 -0.000379
v 0.000000 0.918816 -0.000415
v 0.000309 0.918816 -0.000278
v 0.000395 0.918816 -0.000128
v 0.000413 0.918816 0.000043
v 0.000360 0.918816 0.000208
v 0.000244 0.918816 0.000336
v 0.000086 0.918816 0.000406
v -0.000086 0.918816 0.000406
v -0.000244 0.918816 0.000336
v -0.000360 0.918816 0.000208
v -0.000413 0.918816 0.000043
v -0.000395 0.918816 -0.000128
v -0.000309 0.918816 -0.000278
v -0.000169 0.918816 -0.000379
v -0.000000 3.592641 -1.463196
v 0.595135 3.592641 -1.336696
v 1.087366 3.592641 -0.979069
v 1.391582 3.592641 -0.452152
v 1.455181 3.592641 0.152946
v 1.267165 3.592641 0.731598
v 0.860045 3.592641 1.183750
v 0.304216 3.592641 1.431222
v -0.304216 3.592641 1.431222
v -0.860045 3.592641 1.183750
v -1.267165 3.592641 0.731598
v -1.455181 3.592641 0.152946
v -1.391582 3.592641 -0.452152
v -1.087366 3.592641 -0.979069
v -0.595135 3.592641 -1.336696
v 0.000169 0.918816 -0.000379
v 0.000000 0.918816 -0.000415
v 0.000309 0.918816 -0.000278
v 0.000395 0.918816 -0.000128
v 0.000413 0.918816 0.000043
v 0.000360 0.918816 0.000208
v 0.000244 0.918816 0.000336
v 0.000086 0.918816 0.000406
v -0.000086 0.918816 0.000406
v -0.000244 0.918816 0.000336
v -0.000360 0.918816 0.000208
v -0.000413 0.918816 0.000043
v -0.000395 0.918816 -0.000128
v -0.000309 0.918816 -0.000278
v -0.000169 0.918816 -0.000379
v -0.000000 3.592641 -1.463196
v 0.595135 3.592641 -1.336696
v 1.087366 3.592641 -0.979069
v 1.391582 3.592641 -0.452152
v 1.455181 3.592641 0.152946
v 1.267165 3.592641 0.731598
v 0.860045 3.592641 1.183750
v 0.304216 3.592641 1.431222
v -0.304216 3.592641 1.431222
v -0.860045 3.592641 1.183750
v -1.267165 3.592641 0.731598
v -1.455181 3.592641 0.152946
v -1.391582 3.592641 -0.452152
v -1.087366 3.592641 -0.979069
v -0.595135 3.592641 -1.336696
v 0.000169 0.918816 -0.000379
v 0.000000 0.918816 -0.000415
v 0.000309 0.918816 -0.000278
v 0.000395 0.918816 -0.000128
v 0.000413 0.918816 0.000043
v 0.000360 0.918816 0.000208
v 0.000244 0.918816 0.000336
v 0.000086 0.918816 0.000406
v -0.000086 0.918816 0.000406
v -0.000244 0.918816 0.000336
v -0.000360 0.918816 0.000208
v -0.000413 0.918816 0.000043
v -0.000395 0.918816 -0.000128
v -0.000309 0.918816 -0.000278
v -0.000169 0.918816 -0.000379
v -0.000000 3.658436 -1.535206
v 0.624425 3.658436 -1.402480
v 1.140880 3.658436 -1.027253
v 1.460068 3.658436 -0.474405
v 1.526796 3.658436 0.160473
v 1.329527 3.658436 0.767603
v 0.902371 3.658436 1.242008
v 0.319187 3.658436 1.501658
v -0.319187 3.658436 1.501658
v -0.902371 3.658436 1.242008
v -1.329527 3.658436 0.767603
v -1.526796 3.658436 0.160473
v -1.460068 3.658436 -0.474405
v -1.140880 3.658436 -1.027253
v -0.624425 3.658436 -1.402480
v 0.000177 0.853021 -0.000398
v 0.000000 0.853021 -0.000436
v 0.000324 0.853021 -0.000292
v 0.000415 0.853021 -0.000135
v 0.000433 0.853021 0.000046
v 0.000377 0.853021 0.000218
v 0.000256 0.853021 0.000353
v 0.000091 0.853021 0.000426
v -0.000091 0.853021 0.000426
v -0.000256 0.853021 0.000353
v -0.000377 0.853021 0.000218
v -0.000433 0.853021 0.000046
v -0.000415 0.853021 -0.000135
v -0.000324 0.853021 -0.000292
v -0.000177 0.853021 -0.000398
v -0.000000 3.539565 -1.535206
v 0.624425 3.539565 -1.402480
v 1.140880 3.539565 -1.027253
v 1.460068 3.539565 -0.474405
v 1.526796 3.539565 0.160473
v 1.329527 3.539565 0.767603
v 0.902371 3.539565 1.242008
v 0.319187 3.539565 1.501658
v -0.319187 3.539565 1.501658
v -0.902371 3.539565 1.242008
v -1.329527 3.539565 0.767603
v -1.526796 3.539565 0.160473
v -1.460068 3.539565 -0.474405
v -1.140880 3.539565 -1.027253
v -0.624425 3.539565 -1.402480
v 0.000177 0.734149 -0.000398
v 0.000000 0.734149 -0.000436
v 0.000324 0.734149 -0.000292
v 0.000415 0.734149 -0.000135
v 0.000433 0.734149 0.000046
v 0.000377 0.734149 0.000218
v 0.000256 0.734149 0.000353
v 0.000091 0.734149 0.000426
v -0.000091 0.734149 0.000426
v -0.000256 0.734149 0.000353
v -0.000377 0.734149 0.000218
v -0.000433 0.734149 0.000046
v -0.000415 0.734149 -0.000135
v -0.000324 0.734149 -0.000292
v -0.000177 0.734149 -0.000398